#         bin             linear          SSE bin         SSE linear
4         0.301084        0.172384        0.291736        0.288000
8         1.004631        0.590839        0.631955        0.398870
16        2.000084        2.782219        1.747161        1.105000
32        0.693694        0.934949        0.368336        0.300300
64        1.651922        2.858255        1.015809        0.911045
128       0.356200        1.032816        0.271087        0.295575
256       0.740449        3.978865        0.656049        1.015154
512       0.173300        1.485688        0.146405        0.383409
1024      0.408854        6.002831        0.327136        1.572035
2048      0.108106        2.306081        0.086969        0.630427
4096      0.186495        9.164588        0.156728        2.305324
8192      0.056344        3.722400        0.034701        0.928831
